 75.0607E+03, 50.9634E+03, 144.404E-09,-438.532E+00
 75.0319E+03, 50.9550E+03, 144.487E-09,-438.281E+00
 74.9825E+03, 50.9251E+03, 144.591E-09,-437.966E+00
 74.9507E+03, 50.8991E+03, 144.641E-09,-437.813E+00
 74.9324E+03, 50.8958E+03, 144.699E-09,-437.639E+00
 74.9178E+03, 50.8882E+03, 144.733E-09,-437.536E+00
 74.9027E+03, 50.8816E+03, 144.771E-09,-437.421E+00
 74.8910E+03, 50.8825E+03, 144.815E-09,-437.288E+00
 74.8728E+03, 50.8830E+03, 144.881E-09,-437.086E+00
 74.8574E+03, 50.8821E+03, 144.935E-09,-436.926E+00
 74.8209E+03, 50.8762E+03, 145.052E-09,-436.574E+00
 74.7463E+03, 50.8795E+03, 145.329E-09,-435.739E+00
 74.6751E+03, 50.8819E+03, 145.594E-09,-434.948E+00
 74.6278E+03, 50.8862E+03, 145.777E-09,-434.402E+00
 74.6092E+03, 50.8868E+03, 145.846E-09,-434.195E+00
 74.6055E+03, 50.8791E+03, 145.841E-09,-434.212E+00
 74.6190E+03, 50.8750E+03, 145.781E-09,-434.389E+00
 74.6291E+03, 50.8736E+03, 145.741E-09,-434.509E+00
 74.6364E+03, 50.8781E+03, 145.726E-09,-434.555E+00
 74.6401E+03, 50.8761E+03, 145.707E-09,-434.610E+00
 74.6354E+03, 50.8714E+03, 145.712E-09,-434.594E+00
 74.6331E+03, 50.8722E+03, 145.723E-09,-434.563E+00
 74.6253E+03, 50.8677E+03, 145.740E-09,-434.512E+00
 74.6173E+03, 50.8715E+03, 145.779E-09,-434.396E+00
 74.6124E+03, 50.8710E+03, 145.795E-09,-434.347E+00
 74.6109E+03, 50.8693E+03, 145.797E-09,-434.343E+00
 74.6080E+03, 50.8637E+03, 145.793E-09,-434.353E+00
 74.6072E+03, 50.8619E+03, 145.792E-09,-434.357E+00
 74.6063E+03, 50.8652E+03, 145.803E-09,-434.324E+00
 74.6019E+03, 50.8644E+03, 145.818E-09,-434.281E+00
 74.6015E+03, 50.8649E+03, 145.820E-09,-434.274E+00
 74.5981E+03, 50.8592E+03, 145.818E-09,-434.278E+00
 74.5986E+03, 50.8568E+03, 145.810E-09,-434.302E+00
 74.5995E+03, 50.8554E+03, 145.804E-09,-434.322E+00
 74.5921E+03, 50.8556E+03, 145.831E-09,-434.240E+00
 74.5875E+03, 50.8584E+03, 145.855E-09,-434.169E+00
 74.5786E+03, 50.8517E+03, 145.871E-09,-434.122E+00
 74.5671E+03, 50.8505E+03, 145.910E-09,-434.007E+00
 74.5670E+03, 50.8501E+03, 145.910E-09,-434.007E+00
 74.5664E+03, 50.8459E+03, 145.901E-09,-434.032E+00
 74.5686E+03, 50.8488E+03, 145.900E-09,-434.036E+00
 74.5617E+03, 50.8454E+03, 145.917E-09,-433.986E+00
 74.5625E+03, 50.8432E+03, 145.909E-09,-434.009E+00
 74.5610E+03, 50.8396E+03, 145.905E-09,-434.021E+00
 74.5593E+03, 50.8409E+03, 145.914E-09,-433.992E+00
 74.5560E+03, 50.8386E+03, 145.921E-09,-433.974E+00
 74.5521E+03, 50.8390E+03, 145.936E-09,-433.928E+00
 74.5494E+03, 50.8404E+03, 145.950E-09,-433.888E+00
 74.5420E+03, 50.8347E+03, 145.962E-09,-433.851E+00
 74.5445E+03, 50.8344E+03, 145.952E-09,-433.880E+00
 74.5470E+03, 50.8349E+03, 145.945E-09,-433.903E+00
 74.5458E+03, 50.8375E+03, 145.955E-09,-433.871E+00
 74.5402E+03, 50.8364E+03, 145.973E-09,-433.818E+00
 74.5324E+03, 50.8366E+03, 146.002E-09,-433.732E+00
 74.5259E+03, 50.8371E+03, 146.027E-09,-433.657E+00
 74.5155E+03, 50.8369E+03, 146.065E-09,-433.545E+00
 74.5213E+03, 50.8363E+03, 146.042E-09,-433.613E+00
 74.5295E+03, 50.8345E+03, 146.007E-09,-433.716E+00
 74.5302E+03, 50.8326E+03, 146.000E-09,-433.738E+00
 74.5264E+03, 50.8299E+03, 146.007E-09,-433.716E+00
 74.5255E+03, 50.8266E+03, 146.003E-09,-433.730E+00
 74.5290E+03, 50.8295E+03, 145.997E-09,-433.748E+00
 74.5293E+03, 50.8283E+03, 145.993E-09,-433.759E+00
 74.5278E+03, 50.8292E+03, 146.001E-09,-433.736E+00
 74.5251E+03, 50.8239E+03, 145.997E-09,-433.747E+00
 74.5257E+03, 50.8221E+03, 145.990E-09,-433.766E+00
 74.5267E+03, 50.8238E+03, 145.991E-09,-433.764E+00
 74.5221E+03, 50.8254E+03, 146.012E-09,-433.702E+00
 74.5156E+03, 50.8263E+03, 146.038E-09,-433.624E+00
 74.5094E+03, 50.8242E+03, 146.055E-09,-433.573E+00
 74.5063E+03, 50.8203E+03, 146.057E-09,-433.568E+00
 74.5095E+03, 50.8194E+03, 146.043E-09,-433.610E+00
 74.5117E+03, 50.8196E+03, 146.036E-09,-433.632E+00
 74.5135E+03, 50.8207E+03, 146.032E-09,-433.643E+00
 74.5074E+03, 50.8159E+03, 146.042E-09,-433.612E+00
 74.5036E+03, 50.8164E+03, 146.057E-09,-433.568E+00
 74.5019E+03, 50.8140E+03, 146.057E-09,-433.567E+00
 74.5029E+03, 50.8159E+03, 146.059E-09,-433.564E+00
 74.5012E+03, 50.8177E+03, 146.069E-09,-433.532E+00
 74.4958E+03, 50.8158E+03, 146.084E-09,-433.488E+00
 74.4897E+03, 50.8164E+03, 146.108E-09,-433.417E+00
 74.4873E+03, 50.8088E+03, 146.098E-09,-433.447E+00
 74.4938E+03, 50.8129E+03, 146.085E-09,-433.487E+00
 74.4916E+03, 50.8146E+03, 146.097E-09,-433.450E+00
 74.4858E+03, 50.8164E+03, 146.122E-09,-433.374E+00
 74.4794E+03, 50.8128E+03, 146.137E-09,-433.331E+00
 74.4668E+03, 50.8093E+03, 146.175E-09,-433.219E+00
 74.4762E+03, 50.8104E+03, 146.143E-09,-433.315E+00
 74.4707E+03, 50.8112E+03, 146.165E-09,-433.248E+00
 74.4720E+03, 50.8132E+03, 146.165E-09,-433.247E+00
 74.4686E+03, 50.8101E+03, 146.170E-09,-433.234E+00
 74.4647E+03, 50.8053E+03, 146.172E-09,-433.227E+00
 74.4656E+03, 50.8060E+03, 146.171E-09,-433.232E+00
 74.4601E+03, 50.8058E+03, 146.190E-09,-433.173E+00
 74.4526E+03, 50.8134E+03, 146.237E-09,-433.034E+00
 74.4383E+03, 50.8118E+03, 146.285E-09,-432.892E+00
 74.4353E+03, 50.8089E+03, 146.289E-09,-432.880E+00
 74.4347E+03, 50.8006E+03, 146.271E-09,-432.936E+00
 74.4368E+03, 50.8028E+03, 146.269E-09,-432.941E+00
 74.4405E+03, 50.8089E+03, 146.270E-09,-432.936E+00
 74.4292E+03, 50.8069E+03, 146.307E-09,-432.829E+00
 74.4308E+03, 50.8025E+03, 146.290E-09,-432.879E+00
 74.4318E+03, 50.7981E+03, 146.275E-09,-432.922E+00
 74.4350E+03, 50.7996E+03, 146.267E-09,-432.947E+00
 74.4319E+03, 50.8003E+03, 146.280E-09,-432.907E+00
 74.4237E+03, 50.8024E+03, 146.316E-09,-432.802E+00
 74.4227E+03, 50.8005E+03, 146.315E-09,-432.806E+00
 74.4218E+03, 50.7925E+03, 146.298E-09,-432.855E+00
 74.4268E+03, 50.7937E+03, 146.282E-09,-432.901E+00
 74.4284E+03, 50.7931E+03, 146.275E-09,-432.922E+00
 74.4276E+03, 50.7966E+03, 146.287E-09,-432.888E+00
 74.4214E+03, 50.7938E+03, 146.302E-09,-432.842E+00
 74.4250E+03, 50.7928E+03, 146.287E-09,-432.888E+00
 74.4302E+03, 50.7921E+03, 146.266E-09,-432.949E+00
 74.4310E+03, 50.7926E+03, 146.264E-09,-432.954E+00
 74.4326E+03, 50.7925E+03, 146.258E-09,-432.973E+00
 74.4307E+03, 50.7914E+03, 146.262E-09,-432.961E+00
 74.4291E+03, 50.7917E+03, 146.269E-09,-432.940E+00
 74.4293E+03, 50.7915E+03, 146.268E-09,-432.944E+00
 74.4344E+03, 50.7897E+03, 146.245E-09,-433.013E+00
 74.4374E+03, 50.7893E+03, 146.232E-09,-433.049E+00
 74.4393E+03, 50.7892E+03, 146.225E-09,-433.071E+00
 74.4365E+03, 50.7897E+03, 146.237E-09,-433.036E+00
 74.4342E+03, 50.7905E+03, 146.247E-09,-433.004E+00
 74.4377E+03, 50.7896E+03, 146.232E-09,-433.050E+00
 74.4387E+03, 50.7890E+03, 146.227E-09,-433.066E+00
 74.4417E+03, 50.7892E+03, 146.216E-09,-433.097E+00
 74.4406E+03, 50.7874E+03, 146.216E-09,-433.098E+00
 74.4380E+03, 50.7903E+03, 146.233E-09,-433.048E+00
 74.4396E+03, 50.7896E+03, 146.225E-09,-433.071E+00
 74.4419E+03, 50.7921E+03, 146.223E-09,-433.077E+00
 74.4433E+03, 50.7921E+03, 146.218E-09,-433.092E+00
 74.4418E+03, 50.7895E+03, 146.217E-09,-433.095E+00
 74.4426E+03, 50.7913E+03, 146.218E-09,-433.091E+00
 74.4419E+03, 50.7927E+03, 146.225E-09,-433.072E+00
 74.4453E+03, 50.7914E+03, 146.209E-09,-433.119E+00
 74.4470E+03, 50.7929E+03, 146.206E-09,-433.126E+00
 74.4464E+03, 50.7901E+03, 146.201E-09,-433.141E+00
 74.4506E+03, 50.7913E+03, 146.189E-09,-433.177E+00
 74.4494E+03, 50.7909E+03, 146.192E-09,-433.167E+00
 74.4476E+03, 50.7920E+03, 146.202E-09,-433.139E+00
 74.4467E+03, 50.7911E+03, 146.203E-09,-433.137E+00
 74.4476E+03, 50.7921E+03, 146.202E-09,-433.139E+00
 74.4441E+03, 50.7913E+03, 146.213E-09,-433.107E+00
 74.4391E+03, 50.7906E+03, 146.229E-09,-433.057E+00
 74.4355E+03, 50.7916E+03, 146.245E-09,-433.011E+00
 74.4378E+03, 50.7902E+03, 146.233E-09,-433.046E+00
 74.4387E+03, 50.7911E+03, 146.232E-09,-433.049E+00
 74.4419E+03, 50.7899E+03, 146.217E-09,-433.093E+00
 74.4405E+03, 50.7879E+03, 146.217E-09,-433.093E+00
 74.4397E+03, 50.7882E+03, 146.221E-09,-433.082E+00
 74.4389E+03, 50.7889E+03, 146.226E-09,-433.068E+00
 74.4394E+03, 50.7895E+03, 146.226E-09,-433.069E+00
 74.4440E+03, 50.7912E+03, 146.213E-09,-433.107E+00
 74.4417E+03, 50.7877E+03, 146.213E-09,-433.108E+00
 74.4409E+03, 50.7859E+03, 146.211E-09,-433.112E+00
 74.4413E+03, 50.7857E+03, 146.209E-09,-433.117E+00
 74.4425E+03, 50.7891E+03, 146.213E-09,-433.106E+00
 74.4434E+03, 50.7883E+03, 146.208E-09,-433.121E+00
 74.4444E+03, 50.7888E+03, 146.205E-09,-433.129E+00
 74.4438E+03, 50.7887E+03, 146.207E-09,-433.123E+00
 74.4451E+03, 50.7867E+03, 146.198E-09,-433.151E+00
 74.4439E+03, 50.7892E+03, 146.208E-09,-433.120E+00
 74.4467E+03, 50.7904E+03, 146.201E-09,-433.141E+00
 74.4464E+03, 50.7919E+03, 146.206E-09,-433.127E+00
 74.4493E+03, 50.7913E+03, 146.194E-09,-433.163E+00
 74.4509E+03, 50.7899E+03, 146.184E-09,-433.192E+00
 74.4519E+03, 50.7895E+03, 146.179E-09,-433.205E+00
 74.4541E+03, 50.7919E+03, 146.177E-09,-433.211E+00
 74.4559E+03, 50.7955E+03, 146.180E-09,-433.205E+00
 74.4617E+03, 50.7977E+03, 146.164E-09,-433.251E+00
 74.4635E+03, 50.7958E+03, 146.153E-09,-433.284E+00
 74.4663E+03, 50.7969E+03, 146.145E-09,-433.307E+00
 74.4613E+03, 50.7965E+03, 146.163E-09,-433.255E+00
 74.4682E+03, 50.8030E+03, 146.154E-09,-433.282E+00
 74.4739E+03, 50.8038E+03, 146.135E-09,-433.338E+00
 74.4791E+03, 50.8051E+03, 146.119E-09,-433.385E+00
 74.4820E+03, 50.8060E+03, 146.111E-09,-433.410E+00
 74.4806E+03, 50.8042E+03, 146.111E-09,-433.408E+00
 74.4791E+03, 50.8072E+03, 146.124E-09,-433.370E+00
 74.4866E+03, 50.8086E+03, 146.100E-09,-433.441E+00
 74.4908E+03, 50.8114E+03, 146.092E-09,-433.466E+00
 74.4948E+03, 50.8144E+03, 146.084E-09,-433.487E+00
 74.4916E+03, 50.8118E+03, 146.090E-09,-433.472E+00
 74.4901E+03, 50.8136E+03, 146.100E-09,-433.442E+00
 74.4921E+03, 50.8107E+03, 146.085E-09,-433.485E+00
 74.4964E+03, 50.8167E+03, 146.085E-09,-433.487E+00
 74.5032E+03, 50.8194E+03, 146.066E-09,-433.542E+00
 74.5027E+03, 50.8217E+03, 146.074E-09,-433.519E+00
 74.5014E+03, 50.8209E+03, 146.077E-09,-433.510E+00
 74.4992E+03, 50.8187E+03, 146.079E-09,-433.503E+00
 74.5054E+03, 50.8210E+03, 146.062E-09,-433.553E+00
 74.5115E+03, 50.8234E+03, 146.046E-09,-433.602E+00
 74.5125E+03, 50.8239E+03, 146.043E-09,-433.609E+00
 74.5150E+03, 50.8267E+03, 146.041E-09,-433.616E+00
 74.5137E+03, 50.8246E+03, 146.041E-09,-433.617E+00
 74.5189E+03, 50.8272E+03, 146.028E-09,-433.655E+00
 74.5230E+03, 50.8273E+03, 146.013E-09,-433.699E+00
 74.5262E+03, 50.8288E+03, 146.006E-09,-433.721E+00
 74.5299E+03, 50.8276E+03, 145.989E-09,-433.771E+00
