 73.2210E+03, 50.6300E+03, 150.443E-09,-420.927E+00
 73.1911E+03, 50.6261E+03, 150.551E-09,-420.628E+00
 73.1323E+03, 50.5790E+03, 150.654E-09,-420.339E+00
 73.0938E+03, 50.5406E+03, 150.701E-09,-420.208E+00
 73.0756E+03, 50.5451E+03, 150.785E-09,-419.973E+00
 73.0498E+03, 50.5489E+03, 150.898E-09,-419.660E+00
 73.0292E+03, 50.5525E+03, 150.989E-09,-419.405E+00
 73.0097E+03, 50.5420E+03, 151.038E-09,-419.270E+00
 72.9987E+03, 50.5426E+03, 151.083E-09,-419.144E+00
 72.9869E+03, 50.5396E+03, 151.122E-09,-419.036E+00
 72.9880E+03, 50.5420E+03, 151.124E-09,-419.030E+00
 72.9796E+03, 50.5409E+03, 151.155E-09,-418.946E+00
 72.9597E+03, 50.5364E+03, 151.221E-09,-418.762E+00
 72.9481E+03, 50.5351E+03, 151.264E-09,-418.644E+00
 72.9410E+03, 50.5322E+03, 151.284E-09,-418.587E+00
 72.9398E+03, 50.5372E+03, 151.303E-09,-418.536E+00
 72.9332E+03, 50.5354E+03, 151.324E-09,-418.477E+00
 72.9238E+03, 50.5326E+03, 151.354E-09,-418.395E+00
 72.9165E+03, 50.5289E+03, 151.373E-09,-418.342E+00
 72.9045E+03, 50.5273E+03, 151.417E-09,-418.221E+00
 72.9065E+03, 50.5324E+03, 151.423E-09,-418.204E+00
 72.9004E+03, 50.5303E+03, 151.441E-09,-418.154E+00
 72.8973E+03, 50.5319E+03, 151.458E-09,-418.107E+00
 72.8893E+03, 50.5245E+03, 151.469E-09,-418.076E+00
 72.8862E+03, 50.5264E+03, 151.487E-09,-418.027E+00
 72.8841E+03, 50.5285E+03, 151.502E-09,-417.987E+00
 72.8785E+03, 50.5317E+03, 151.533E-09,-417.901E+00
 72.8778E+03, 50.5309E+03, 151.533E-09,-417.900E+00
 72.8689E+03, 50.5248E+03, 151.552E-09,-417.848E+00
 72.8700E+03, 50.5265E+03, 151.552E-09,-417.848E+00
 72.8677E+03, 50.5263E+03, 151.561E-09,-417.823E+00
 72.8668E+03, 50.5323E+03, 151.581E-09,-417.767E+00
 72.8615E+03, 50.5314E+03, 151.600E-09,-417.716E+00
 72.8557E+03, 50.5270E+03, 151.611E-09,-417.685E+00
 72.8607E+03, 50.5271E+03, 151.592E-09,-417.739E+00
 72.8634E+03, 50.5256E+03, 151.576E-09,-417.781E+00
 72.8698E+03, 50.5327E+03, 151.570E-09,-417.797E+00
 72.8625E+03, 50.5307E+03, 151.594E-09,-417.732E+00
 72.8550E+03, 50.5324E+03, 151.629E-09,-417.636E+00
 72.8557E+03, 50.5271E+03, 151.611E-09,-417.684E+00
 72.8600E+03, 50.5296E+03, 151.601E-09,-417.712E+00
 72.8660E+03, 50.5336E+03, 151.588E-09,-417.749E+00
 72.8640E+03, 50.5334E+03, 151.596E-09,-417.728E+00
 72.8632E+03, 50.5343E+03, 151.601E-09,-417.713E+00
 72.8600E+03, 50.5316E+03, 151.607E-09,-417.697E+00
 72.8616E+03, 50.5337E+03, 151.606E-09,-417.699E+00
 72.8689E+03, 50.5346E+03, 151.580E-09,-417.772E+00
 72.8705E+03, 50.5381E+03, 151.583E-09,-417.763E+00
 72.8711E+03, 50.5374E+03, 151.579E-09,-417.775E+00
 72.8678E+03, 50.5334E+03, 151.580E-09,-417.770E+00
 72.8690E+03, 50.5362E+03, 151.583E-09,-417.762E+00
 72.8683E+03, 50.5362E+03, 151.586E-09,-417.754E+00
 72.8687E+03, 50.5431E+03, 151.604E-09,-417.705E+00
 72.8670E+03, 50.5419E+03, 151.607E-09,-417.696E+00
 72.8628E+03, 50.5380E+03, 151.613E-09,-417.679E+00
 72.8689E+03, 50.5357E+03, 151.582E-09,-417.765E+00
 72.8708E+03, 50.5381E+03, 151.582E-09,-417.766E+00
 72.8718E+03, 50.5447E+03, 151.596E-09,-417.727E+00
 72.8681E+03, 50.5420E+03, 151.603E-09,-417.707E+00
 72.8693E+03, 50.5398E+03, 151.592E-09,-417.737E+00
 72.8705E+03, 50.5360E+03, 151.577E-09,-417.780E+00
 72.8737E+03, 50.5384E+03, 151.571E-09,-417.796E+00
 72.8764E+03, 50.5428E+03, 151.572E-09,-417.793E+00
 72.8685E+03, 50.5450E+03, 151.610E-09,-417.689E+00
 72.8667E+03, 50.5434E+03, 151.613E-09,-417.681E+00
 72.8676E+03, 50.5383E+03, 151.595E-09,-417.730E+00
 72.8743E+03, 50.5417E+03, 151.578E-09,-417.778E+00
 72.8802E+03, 50.5437E+03, 151.560E-09,-417.827E+00
 72.8785E+03, 50.5482E+03, 151.579E-09,-417.775E+00
 72.8746E+03, 50.5456E+03, 151.587E-09,-417.752E+00
 72.8747E+03, 50.5418E+03, 151.576E-09,-417.782E+00
 72.8831E+03, 50.5427E+03, 151.545E-09,-417.867E+00
 72.8853E+03, 50.5443E+03, 151.541E-09,-417.879E+00
 72.8868E+03, 50.5481E+03, 151.545E-09,-417.867E+00
 72.8805E+03, 50.5464E+03, 151.566E-09,-417.810E+00
 72.8779E+03, 50.5465E+03, 151.576E-09,-417.782E+00
 72.8832E+03, 50.5451E+03, 151.551E-09,-417.851E+00
 72.8841E+03, 50.5472E+03, 151.554E-09,-417.844E+00
 72.8872E+03, 50.5515E+03, 151.553E-09,-417.845E+00
 72.8837E+03, 50.5500E+03, 151.563E-09,-417.818E+00
 72.8834E+03, 50.5509E+03, 151.567E-09,-417.808E+00
 72.8829E+03, 50.5480E+03, 151.561E-09,-417.825E+00
 72.8853E+03, 50.5503E+03, 151.558E-09,-417.833E+00
 72.8940E+03, 50.5542E+03, 151.533E-09,-417.900E+00
 72.8920E+03, 50.5531E+03, 151.538E-09,-417.886E+00
 72.8935E+03, 50.5539E+03, 151.534E-09,-417.897E+00
 72.8920E+03, 50.5506E+03, 151.531E-09,-417.906E+00
 72.8949E+03, 50.5546E+03, 151.531E-09,-417.906E+00
 72.8950E+03, 50.5561E+03, 151.534E-09,-417.897E+00
 72.8959E+03, 50.5580E+03, 151.536E-09,-417.891E+00
 72.8969E+03, 50.5565E+03, 151.528E-09,-417.914E+00
 72.8958E+03, 50.5527E+03, 151.522E-09,-417.932E+00
 72.8977E+03, 50.5549E+03, 151.520E-09,-417.935E+00
 72.8972E+03, 50.5561E+03, 151.526E-09,-417.920E+00
 72.9008E+03, 50.5599E+03, 151.522E-09,-417.931E+00
 72.8981E+03, 50.5561E+03, 151.522E-09,-417.930E+00
 72.8964E+03, 50.5538E+03, 151.522E-09,-417.930E+00
 72.9014E+03, 50.5526E+03, 151.499E-09,-417.994E+00
 72.9019E+03, 50.5547E+03, 151.503E-09,-417.983E+00
 72.9030E+03, 50.5574E+03, 151.506E-09,-417.975E+00
 72.9006E+03, 50.5560E+03, 151.512E-09,-417.959E+00
 72.9007E+03, 50.5544E+03, 151.507E-09,-417.972E+00
 72.9046E+03, 50.5513E+03, 151.483E-09,-418.039E+00
 72.9061E+03, 50.5525E+03, 151.480E-09,-418.046E+00
 72.9073E+03, 50.5536E+03, 151.478E-09,-418.051E+00
 72.9046E+03, 50.5539E+03, 151.490E-09,-418.019E+00
 72.9048E+03, 50.5534E+03, 151.488E-09,-418.025E+00
 72.9045E+03, 50.5515E+03, 151.484E-09,-418.036E+00
 72.9065E+03, 50.5505E+03, 151.473E-09,-418.066E+00
 72.9102E+03, 50.5534E+03, 151.466E-09,-418.085E+00
 72.9073E+03, 50.5538E+03, 151.479E-09,-418.050E+00
 72.9039E+03, 50.5534E+03, 151.492E-09,-418.015E+00
 72.9034E+03, 50.5526E+03, 151.491E-09,-418.017E+00
 72.9065E+03, 50.5529E+03, 151.480E-09,-418.048E+00
 72.9096E+03, 50.5515E+03, 151.463E-09,-418.093E+00
 72.9109E+03, 50.5525E+03, 151.461E-09,-418.099E+00
 72.9096E+03, 50.5535E+03, 151.469E-09,-418.078E+00
 72.9071E+03, 50.5531E+03, 151.478E-09,-418.052E+00
 72.9088E+03, 50.5512E+03, 151.466E-09,-418.086E+00
 72.9116E+03, 50.5525E+03, 151.458E-09,-418.106E+00
 72.9109E+03, 50.5505E+03, 151.455E-09,-418.115E+00
 72.9120E+03, 50.5512E+03, 151.453E-09,-418.122E+00
 72.9111E+03, 50.5508E+03, 151.455E-09,-418.115E+00
 72.9109E+03, 50.5524E+03, 151.461E-09,-418.101E+00
 72.9123E+03, 50.5523E+03, 151.455E-09,-418.117E+00
 72.9109E+03, 50.5512E+03, 151.457E-09,-418.109E+00
 72.9133E+03, 50.5507E+03, 151.446E-09,-418.140E+00
 72.9169E+03, 50.5486E+03, 151.426E-09,-418.195E+00
 72.9195E+03, 50.5488E+03, 151.416E-09,-418.223E+00
 72.9223E+03, 50.5515E+03, 151.412E-09,-418.234E+00
 72.9213E+03, 50.5514E+03, 151.416E-09,-418.223E+00
 72.9243E+03, 50.5520E+03, 151.406E-09,-418.251E+00
 72.9258E+03, 50.5485E+03, 151.390E-09,-418.294E+00
 72.9257E+03, 50.5454E+03, 151.382E-09,-418.317E+00
 72.9302E+03, 50.5481E+03, 151.372E-09,-418.346E+00
 72.9282E+03, 50.5488E+03, 151.381E-09,-418.319E+00
 72.9332E+03, 50.5550E+03, 151.379E-09,-418.326E+00
 72.9335E+03, 50.5513E+03, 151.367E-09,-418.358E+00
 72.9301E+03, 50.5457E+03, 151.365E-09,-418.364E+00
 72.9347E+03, 50.5448E+03, 151.344E-09,-418.422E+00
 72.9351E+03, 50.5423E+03, 151.336E-09,-418.444E+00
 72.9422E+03, 50.5516E+03, 151.333E-09,-418.452E+00
 72.9449E+03, 50.5497E+03, 151.318E-09,-418.496E+00
 72.9421E+03, 50.5506E+03, 151.331E-09,-418.458E+00
 72.9436E+03, 50.5479E+03, 151.318E-09,-418.495E+00
 72.9432E+03, 50.5412E+03, 151.301E-09,-418.542E+00
 72.9504E+03, 50.5456E+03, 151.284E-09,-418.589E+00
 72.9536E+03, 50.5452E+03, 151.270E-09,-418.626E+00
 72.9532E+03, 50.5504E+03, 151.286E-09,-418.582E+00
 72.9549E+03, 50.5487E+03, 151.275E-09,-418.615E+00
 72.9506E+03, 50.5442E+03, 151.279E-09,-418.602E+00
 72.9532E+03, 50.5444E+03, 151.269E-09,-418.629E+00
 72.9565E+03, 50.5416E+03, 151.249E-09,-418.687E+00
 72.9610E+03, 50.5470E+03, 151.246E-09,-418.695E+00
 72.9673E+03, 50.5512E+03, 151.232E-09,-418.732E+00
 72.9662E+03, 50.5494E+03, 151.232E-09,-418.733E+00
 72.9677E+03, 50.5489E+03, 151.224E-09,-418.754E+00
 72.9710E+03, 50.5447E+03, 151.199E-09,-418.823E+00
 72.9737E+03, 50.5422E+03, 151.182E-09,-418.871E+00
 72.9823E+03, 50.5464E+03, 151.159E-09,-418.934E+00
 72.9826E+03, 50.5475E+03, 151.161E-09,-418.930E+00
 72.9880E+03, 50.5522E+03, 151.152E-09,-418.953E+00
 72.9860E+03, 50.5455E+03, 151.142E-09,-418.981E+00
 72.9902E+03, 50.5458E+03, 151.126E-09,-419.026E+00
 72.9942E+03, 50.5454E+03, 151.109E-09,-419.073E+00
 72.9966E+03, 50.5472E+03, 151.105E-09,-419.085E+00
 73.0025E+03, 50.5523E+03, 151.095E-09,-419.113E+00
 73.0047E+03, 50.5509E+03, 151.082E-09,-419.148E+00
 73.0048E+03, 50.5510E+03, 151.082E-09,-419.147E+00
 73.0070E+03, 50.5487E+03, 151.067E-09,-419.189E+00
 73.0065E+03, 50.5482E+03, 151.068E-09,-419.188E+00
 73.0093E+03, 50.5513E+03, 151.065E-09,-419.195E+00
 73.0132E+03, 50.5519E+03, 151.051E-09,-419.233E+00
 73.0169E+03, 50.5546E+03, 151.044E-09,-419.253E+00
 73.0193E+03, 50.5534E+03, 151.031E-09,-419.289E+00
 73.0182E+03, 50.5499E+03, 151.026E-09,-419.303E+00
 73.0216E+03, 50.5510E+03, 151.015E-09,-419.333E+00
 73.0201E+03, 50.5525E+03, 151.026E-09,-419.305E+00
 73.0205E+03, 50.5550E+03, 151.031E-09,-419.290E+00
 73.0239E+03, 50.5543E+03, 151.015E-09,-419.333E+00
 73.0249E+03, 50.5523E+03, 151.006E-09,-419.359E+00
 73.0294E+03, 50.5521E+03, 150.988E-09,-419.410E+00
 73.0290E+03, 50.5518E+03, 150.988E-09,-419.408E+00
 73.0298E+03, 50.5540E+03, 150.991E-09,-419.401E+00
 73.0318E+03, 50.5543E+03, 150.984E-09,-419.420E+00
 73.0329E+03, 50.5545E+03, 150.980E-09,-419.430E+00
 73.0345E+03, 50.5534E+03, 150.971E-09,-419.457E+00
 73.0370E+03, 50.5521E+03, 150.957E-09,-419.494E+00
 73.0360E+03, 50.5519E+03, 150.961E-09,-419.484E+00
 73.0338E+03, 50.5528E+03, 150.972E-09,-419.453E+00
 73.0349E+03, 50.5518E+03, 150.965E-09,-419.473E+00
 73.0381E+03, 50.5510E+03, 150.950E-09,-419.514E+00
 73.0422E+03, 50.5529E+03, 150.939E-09,-419.545E+00
 73.0437E+03, 50.5516E+03, 150.929E-09,-419.572E+00
 73.0459E+03, 50.5519E+03, 150.922E-09,-419.594E+00
 73.0422E+03, 50.5498E+03, 150.931E-09,-419.569E+00
 73.0433E+03, 50.5512E+03, 150.930E-09,-419.570E+00
 73.0460E+03, 50.5508E+03, 150.918E-09,-419.603E+00
 73.0481E+03, 50.5510E+03, 150.910E-09,-419.625E+00
 73.0497E+03, 50.5538E+03, 150.912E-09,-419.621E+00
