 74.8792E+03, 40.8775E+03, 126.843E-09,-499.244E+00
 74.8533E+03, 40.8743E+03, 126.901E-09,-499.015E+00
 74.8142E+03, 40.8501E+03, 126.964E-09,-498.769E+00
 74.7560E+03, 40.8325E+03, 127.082E-09,-498.308E+00
 74.7373E+03, 40.8039E+03, 127.089E-09,-498.279E+00
 74.6803E+03, 40.8138E+03, 127.241E-09,-497.685E+00
 74.5987E+03, 40.8390E+03, 127.473E-09,-496.779E+00
 74.5072E+03, 40.8651E+03, 127.731E-09,-495.772E+00
 74.4060E+03, 40.8881E+03, 128.011E-09,-494.689E+00
 74.3042E+03, 40.9233E+03, 128.311E-09,-493.534E+00
 74.2877E+03, 40.9181E+03, 128.345E-09,-493.404E+00
 74.2313E+03, 40.9096E+03, 128.473E-09,-492.911E+00
 74.1851E+03, 40.9387E+03, 128.628E-09,-492.317E+00
 74.1069E+03, 40.9240E+03, 128.803E-09,-491.648E+00
 74.0917E+03, 40.8975E+03, 128.804E-09,-491.642E+00
 74.0461E+03, 40.9283E+03, 128.961E-09,-491.045E+00
 74.0059E+03, 40.9279E+03, 129.061E-09,-490.664E+00
 73.9484E+03, 40.9894E+03, 129.292E-09,-489.788E+00
 73.8025E+03, 40.9904E+03, 129.663E-09,-488.388E+00
 73.6984E+03, 41.0231E+03, 129.974E-09,-487.218E+00
 73.6183E+03, 40.9908E+03, 130.133E-09,-486.622E+00
 73.5975E+03, 40.9972E+03, 130.196E-09,-486.389E+00
 73.6018E+03, 40.9920E+03, 130.177E-09,-486.457E+00
 73.5802E+03, 41.0130E+03, 130.263E-09,-486.138E+00
 73.5062E+03, 41.0260E+03, 130.472E-09,-485.359E+00
 73.4363E+03, 41.0017E+03, 130.617E-09,-484.819E+00
 73.3862E+03, 40.9919E+03, 130.733E-09,-484.391E+00
 73.4228E+03, 40.9429E+03, 130.568E-09,-485.004E+00
 73.4127E+03, 40.9290E+03, 130.574E-09,-484.981E+00
 73.4285E+03, 40.9505E+03, 130.564E-09,-485.018E+00
 73.4039E+03, 40.9323E+03, 130.601E-09,-484.879E+00
 73.3459E+03, 40.9228E+03, 130.737E-09,-484.374E+00
 73.3238E+03, 40.8795E+03, 130.732E-09,-484.394E+00
 73.2788E+03, 40.8355E+03, 130.785E-09,-484.197E+00
 73.3160E+03, 40.8578E+03, 130.721E-09,-484.435E+00
 73.2916E+03, 40.8607E+03, 130.788E-09,-484.185E+00
 73.2741E+03, 40.8805E+03, 130.862E-09,-483.912E+00
 73.2439E+03, 40.8611E+03, 130.912E-09,-483.726E+00
 73.1717E+03, 40.8187E+03, 131.039E-09,-483.260E+00
 73.1633E+03, 40.8101E+03, 131.048E-09,-483.226E+00
 73.1563E+03, 40.7804E+03, 131.023E-09,-483.318E+00
 73.1686E+03, 40.8073E+03, 131.030E-09,-483.292E+00
 73.1717E+03, 40.8033E+03, 131.016E-09,-483.343E+00
 73.1288E+03, 40.7756E+03, 131.087E-09,-483.080E+00
 73.1104E+03, 40.7676E+03, 131.124E-09,-482.946E+00
 73.0918E+03, 40.7030E+03, 131.078E-09,-483.114E+00
 73.1000E+03, 40.7064E+03, 131.062E-09,-483.174E+00
 73.1208E+03, 40.7108E+03, 131.014E-09,-483.349E+00
 73.0750E+03, 40.7208E+03, 131.148E-09,-482.857E+00
 72.9902E+03, 40.7360E+03, 131.391E-09,-481.962E+00
 72.8948E+03, 40.7051E+03, 131.596E-09,-481.214E+00
 72.8086E+03, 40.7058E+03, 131.824E-09,-480.382E+00
 72.8138E+03, 40.6894E+03, 131.786E-09,-480.521E+00
 72.8109E+03, 40.6677E+03, 131.761E-09,-480.609E+00
 72.8292E+03, 40.7004E+03, 131.761E-09,-480.609E+00
 72.7808E+03, 40.6814E+03, 131.861E-09,-480.247E+00
 72.6789E+03, 40.6850E+03, 132.135E-09,-479.249E+00
 72.6389E+03, 40.6703E+03, 132.220E-09,-478.943E+00
 72.5834E+03, 40.6387E+03, 132.320E-09,-478.581E+00
 72.6204E+03, 40.6744E+03, 132.275E-09,-478.744E+00
 72.6079E+03, 40.6680E+03, 132.298E-09,-478.659E+00
 72.5982E+03, 40.6773E+03, 132.338E-09,-478.515E+00
 72.5866E+03, 40.6541E+03, 132.334E-09,-478.528E+00
 72.5442E+03, 40.5860E+03, 132.346E-09,-478.487E+00
 72.5844E+03, 40.5678E+03, 132.212E-09,-478.971E+00
 72.5880E+03, 40.5283E+03, 132.144E-09,-479.217E+00
 72.5814E+03, 40.5762E+03, 132.232E-09,-478.897E+00
 72.5430E+03, 40.5748E+03, 132.332E-09,-478.536E+00
 72.4729E+03, 40.5642E+03, 132.503E-09,-477.920E+00
 72.4374E+03, 40.5526E+03, 132.580E-09,-477.641E+00
 72.4192E+03, 40.4894E+03, 132.534E-09,-477.806E+00
 72.4137E+03, 40.4693E+03, 132.519E-09,-477.861E+00
 72.3911E+03, 40.4915E+03, 132.612E-09,-477.525E+00
 72.2682E+03, 40.5351E+03, 133.007E-09,-476.110E+00
 72.2471E+03, 40.5390E+03, 133.069E-09,-475.886E+00
 72.2206E+03, 40.4920E+03, 133.069E-09,-475.885E+00
 72.1432E+03, 40.4661E+03, 133.239E-09,-475.280E+00
 72.1717E+03, 40.4433E+03, 133.127E-09,-475.678E+00
 72.1625E+03, 40.4502E+03, 133.163E-09,-475.552E+00
 72.1596E+03, 40.4790E+03, 133.214E-09,-475.368E+00
 72.1246E+03, 40.4626E+03, 133.284E-09,-475.120E+00
 72.0765E+03, 40.4391E+03, 133.378E-09,-474.784E+00
 72.0736E+03, 40.4132E+03, 133.346E-09,-474.897E+00
 72.0436E+03, 40.3836E+03, 133.383E-09,-474.768E+00
 72.0821E+03, 40.4011E+03, 133.305E-09,-475.044E+00
 72.0785E+03, 40.3851E+03, 133.291E-09,-475.095E+00
 72.0698E+03, 40.3826E+03, 133.310E-09,-475.024E+00
 72.0377E+03, 40.3248E+03, 133.309E-09,-475.028E+00
 72.0210E+03, 40.2454E+03, 133.235E-09,-475.294E+00
 72.0680E+03, 40.2153E+03, 133.064E-09,-475.905E+00
 72.0819E+03, 40.1737E+03, 132.964E-09,-476.261E+00
 72.0461E+03, 40.2057E+03, 133.108E-09,-475.747E+00
 72.0031E+03, 40.1776E+03, 133.181E-09,-475.485E+00
 71.9773E+03, 40.1308E+03, 133.181E-09,-475.488E+00
 72.0033E+03, 40.0797E+03, 133.034E-09,-476.010E+00
 72.0150E+03, 40.0154E+03, 132.908E-09,-476.464E+00
 72.0152E+03, 40.0272E+03, 132.925E-09,-476.403E+00
 72.0120E+03, 40.0413E+03, 132.954E-09,-476.298E+00
 71.9476E+03, 40.0428E+03, 133.129E-09,-475.674E+00
 71.8700E+03, 40.0405E+03, 133.334E-09,-474.942E+00
 71.7879E+03, 40.0081E+03, 133.506E-09,-474.329E+00
 71.7674E+03, 40.0095E+03, 133.564E-09,-474.124E+00
 71.7943E+03, 40.0059E+03, 133.486E-09,-474.401E+00
 71.7847E+03, 40.0050E+03, 133.510E-09,-474.314E+00
 71.7998E+03, 40.0125E+03, 133.481E-09,-474.418E+00
 71.7672E+03, 39.9481E+03, 133.472E-09,-474.449E+00
 71.7938E+03, 39.9188E+03, 133.356E-09,-474.861E+00
 71.8150E+03, 39.8794E+03, 133.241E-09,-475.273E+00
 71.8449E+03, 39.8616E+03, 133.134E-09,-475.654E+00
 71.8619E+03, 39.8670E+03, 133.097E-09,-475.788E+00
 71.8057E+03, 39.8572E+03, 133.233E-09,-475.302E+00
 71.7187E+03, 39.8932E+03, 133.520E-09,-474.278E+00
 71.6649E+03, 39.8874E+03, 133.657E-09,-473.793E+00
 71.6373E+03, 39.8907E+03, 133.736E-09,-473.512E+00
 71.6311E+03, 39.8970E+03, 133.763E-09,-473.419E+00
 71.6157E+03, 39.8699E+03, 133.763E-09,-473.416E+00
 71.6234E+03, 39.8622E+03, 133.731E-09,-473.530E+00
 71.6047E+03, 39.8331E+03, 133.738E-09,-473.507E+00
 71.5796E+03, 39.8303E+03, 133.801E-09,-473.281E+00
 71.5788E+03, 39.8171E+03, 133.784E-09,-473.344E+00
 71.5755E+03, 39.8093E+03, 133.781E-09,-473.353E+00
 71.5730E+03, 39.8081E+03, 133.786E-09,-473.337E+00
 71.5757E+03, 39.7852E+03, 133.744E-09,-473.484E+00
 71.5986E+03, 39.7621E+03, 133.648E-09,-473.826E+00
 71.5347E+03, 39.7585E+03, 133.815E-09,-473.234E+00
 71.1549E+03, 39.9276E+03, 135.114E-09,-468.684E+00
 70.5597E+03, 40.2240E+03, 137.270E-09,-461.323E+00
 69.9249E+03, 40.4911E+03, 139.589E-09,-453.659E+00
 69.4942E+03, 40.6822E+03, 141.240E-09,-448.354E+00
 69.2919E+03, 40.7440E+03, 141.983E-09,-446.009E+00
 69.0279E+03, 40.8331E+03, 142.983E-09,-442.890E+00
 68.9162E+03, 40.8593E+03, 143.389E-09,-441.635E+00
 68.8900E+03, 40.8519E+03, 143.460E-09,-441.419E+00
 68.8678E+03, 40.8489E+03, 143.525E-09,-441.217E+00
 68.9167E+03, 40.8079E+03, 143.290E-09,-441.940E+00
 68.9834E+03, 40.7711E+03, 143.008E-09,-442.813E+00
 69.0323E+03, 40.7443E+03, 142.802E-09,-443.451E+00
 69.0586E+03, 40.7174E+03, 142.668E-09,-443.867E+00
 69.0917E+03, 40.6983E+03, 142.528E-09,-444.305E+00
 69.1220E+03, 40.6718E+03, 142.383E-09,-444.755E+00
 69.1263E+03, 40.6585E+03, 142.345E-09,-444.875E+00
 69.1088E+03, 40.6579E+03, 142.399E-09,-444.706E+00
 69.0958E+03, 40.6472E+03, 142.420E-09,-444.641E+00
 69.0523E+03, 40.6343E+03, 142.533E-09,-444.287E+00
 69.0488E+03, 40.6217E+03, 142.521E-09,-444.326E+00
 69.0730E+03, 40.5948E+03, 142.395E-09,-444.720E+00
 69.1138E+03, 40.5926E+03, 142.262E-09,-445.133E+00
 69.1341E+03, 40.5687E+03, 142.155E-09,-445.471E+00
 69.1271E+03, 40.5549E+03, 142.151E-09,-445.482E+00
 69.1262E+03, 40.5270E+03, 142.103E-09,-445.633E+00
 69.1425E+03, 40.5050E+03, 142.011E-09,-445.920E+00
 69.1876E+03, 40.5110E+03, 141.882E-09,-446.328E+00
 69.2177E+03, 40.4850E+03, 141.740E-09,-446.773E+00
 69.2203E+03, 40.4669E+03, 141.699E-09,-446.903E+00
 69.2244E+03, 40.4286E+03, 141.617E-09,-447.162E+00
 69.2383E+03, 40.3975E+03, 141.518E-09,-447.476E+00
 69.3132E+03, 40.4059E+03, 141.301E-09,-448.162E+00
 69.2685E+03, 40.4002E+03, 141.429E-09,-447.756E+00
 69.2582E+03, 40.4086E+03, 141.476E-09,-447.608E+00
 69.1966E+03, 40.3454E+03, 141.553E-09,-447.365E+00
 69.1962E+03, 40.3561E+03, 141.573E-09,-447.301E+00
 69.2390E+03, 40.3439E+03, 141.418E-09,-447.790E+00
 69.2343E+03, 40.3875E+03, 141.512E-09,-447.495E+00
 69.2068E+03, 40.3631E+03, 141.553E-09,-447.364E+00
 69.1368E+03, 40.3321E+03, 141.714E-09,-446.855E+00
 69.1826E+03, 40.3253E+03, 141.560E-09,-447.343E+00
 69.2053E+03, 40.3152E+03, 141.471E-09,-447.623E+00
 69.2388E+03, 40.3352E+03, 141.404E-09,-447.837E+00
 69.2082E+03, 40.2966E+03, 141.429E-09,-447.758E+00
 69.2215E+03, 40.2685E+03, 141.337E-09,-448.047E+00
 69.2447E+03, 40.2323E+03, 141.201E-09,-448.480E+00
 69.2648E+03, 40.2463E+03, 141.164E-09,-448.597E+00
 69.3116E+03, 40.2589E+03, 141.043E-09,-448.983E+00
 69.3091E+03, 40.2259E+03, 140.991E-09,-449.146E+00
 69.3187E+03, 40.1996E+03, 140.915E-09,-449.389E+00
 69.3376E+03, 40.1486E+03, 140.767E-09,-449.862E+00
 69.3784E+03, 40.1611E+03, 140.665E-09,-450.189E+00
 69.3789E+03, 40.1743E+03, 140.686E-09,-450.120E+00
 69.3050E+03, 40.1761E+03, 140.916E-09,-449.388E+00
 69.2754E+03, 40.1530E+03, 140.965E-09,-449.230E+00
 69.2163E+03, 40.1350E+03, 141.114E-09,-448.755E+00
 69.2410E+03, 40.1710E+03, 141.103E-09,-448.792E+00
 69.2277E+03, 40.1722E+03, 141.146E-09,-448.655E+00
 69.2247E+03, 40.1980E+03, 141.201E-09,-448.479E+00
 69.2073E+03, 40.1557E+03, 141.179E-09,-448.549E+00
 69.1924E+03, 40.1350E+03, 141.188E-09,-448.522E+00
 69.1644E+03, 40.1389E+03, 141.281E-09,-448.226E+00
 69.1169E+03, 40.1619E+03, 141.469E-09,-447.631E+00
 69.1007E+03, 40.1819E+03, 141.555E-09,-447.358E+00
 69.0730E+03, 40.1432E+03, 141.571E-09,-447.308E+00
 69.0760E+03, 40.1199E+03, 141.520E-09,-447.469E+00
 69.0961E+03, 40.0984E+03, 141.419E-09,-447.788E+00
 69.1285E+03, 40.1095E+03, 141.339E-09,-448.042E+00
 69.1630E+03, 40.1071E+03, 141.229E-09,-448.392E+00
 69.1556E+03, 40.0714E+03, 141.188E-09,-448.522E+00
 69.1707E+03, 40.0427E+03, 141.090E-09,-448.832E+00
 69.1439E+03, 40.0145E+03, 141.122E-09,-448.729E+00
 69.1574E+03, 40.0655E+03, 141.172E-09,-448.572E+00
 69.1510E+03, 40.0533E+03, 141.170E-09,-448.579E+00
 69.1286E+03, 40.0494E+03, 141.232E-09,-448.382E+00
