 91.9554E+03, 28.5846E+03, 91.0500E-09,-695.505E+00
 91.7304E+03, 28.5387E+03, 91.2816E-09,-693.740E+00
 91.7979E+03, 28.5779E+03, 91.2207E-09,-694.204E+00
 91.4638E+03, 28.3867E+03, 91.5238E-09,-691.904E+00
 91.3838E+03, 28.4165E+03, 91.6228E-09,-691.157E+00
 91.5170E+03, 28.3454E+03, 91.4508E-09,-692.457E+00
 91.4091E+03, 28.2657E+03, 91.5430E-09,-691.760E+00
 91.3573E+03, 28.4337E+03, 91.6582E-09,-690.890E+00
 91.2739E+03, 28.4379E+03, 91.7523E-09,-690.181E+00
 91.3179E+03, 28.4861E+03, 91.7201E-09,-690.424E+00
 91.3769E+03, 28.3973E+03, 91.6238E-09,-691.150E+00
 91.3665E+03, 28.3878E+03, 91.6321E-09,-691.087E+00
 91.4154E+03, 28.4298E+03, 91.5924E-09,-691.387E+00
 91.3910E+03, 28.4340E+03, 91.6209E-09,-691.171E+00
 91.2966E+03, 28.4908E+03, 91.7455E-09,-690.232E+00
 91.2432E+03, 28.4253E+03, 91.7823E-09,-689.956E+00
 91.1198E+03, 28.3348E+03, 91.8884E-09,-689.159E+00
 91.1965E+03, 28.3275E+03, 91.8003E-09,-689.820E+00
 91.2024E+03, 28.3187E+03, 91.7907E-09,-689.893E+00
 91.1788E+03, 28.3708E+03, 91.8350E-09,-689.560E+00
 91.1905E+03, 28.4230E+03, 91.8401E-09,-689.521E+00
 91.0351E+03, 28.3701E+03, 91.9954E-09,-688.358E+00
 91.0206E+03, 28.3438E+03, 92.0025E-09,-688.305E+00
 90.9972E+03, 28.2428E+03, 91.9935E-09,-688.372E+00
 90.9880E+03, 28.2564E+03, 92.0085E-09,-688.260E+00
 91.0384E+03, 28.2948E+03, 91.9654E-09,-688.582E+00
 90.9503E+03, 28.3093E+03, 92.0691E-09,-687.807E+00
 90.9083E+03, 28.3732E+03, 92.1387E-09,-687.287E+00
 90.8012E+03, 28.2283E+03, 92.2083E-09,-686.769E+00
 90.7881E+03, 28.2310E+03, 92.2239E-09,-686.652E+00
 90.8442E+03, 28.2005E+03, 92.1502E-09,-687.201E+00
 90.8117E+03, 28.2227E+03, 92.1944E-09,-686.872E+00
 90.8396E+03, 28.3358E+03, 92.2027E-09,-686.810E+00
 90.7432E+03, 28.2812E+03, 92.2920E-09,-686.146E+00
 90.6455E+03, 28.2609E+03, 92.3950E-09,-685.380E+00
 90.6415E+03, 28.1943E+03, 92.3762E-09,-685.520E+00
 90.6110E+03, 28.1375E+03, 92.3907E-09,-685.413E+00
 90.6590E+03, 28.2016E+03, 92.3590E-09,-685.648E+00
 90.6807E+03, 28.2075E+03, 92.3366E-09,-685.814E+00
 90.5683E+03, 28.2745E+03, 92.4871E-09,-684.698E+00
 90.5383E+03, 28.2243E+03, 92.5034E-09,-684.578E+00
 90.4511E+03, 28.1516E+03, 92.5765E-09,-684.037E+00
 90.4779E+03, 28.1493E+03, 92.5453E-09,-684.267E+00
 90.5055E+03, 28.1398E+03, 92.5106E-09,-684.524E+00
 90.4814E+03, 28.1958E+03, 92.5577E-09,-684.176E+00
 90.4782E+03, 28.2325E+03, 92.5743E-09,-684.053E+00
 90.3334E+03, 28.1800E+03, 92.7201E-09,-682.977E+00
 90.3337E+03, 28.1550E+03, 92.7109E-09,-683.045E+00
 90.3164E+03, 28.0821E+03, 92.7048E-09,-683.090E+00
 90.3141E+03, 28.1069E+03, 92.7161E-09,-683.007E+00
 90.3913E+03, 28.1634E+03, 92.6485E-09,-683.505E+00
 90.2761E+03, 28.1694E+03, 92.7815E-09,-682.525E+00
 90.2254E+03, 28.2202E+03, 92.8574E-09,-681.968E+00
 90.1546E+03, 28.0963E+03, 92.8941E-09,-681.698E+00
 90.1439E+03, 28.0883E+03, 92.9035E-09,-681.629E+00
 90.2034E+03, 28.0774E+03, 92.8317E-09,-682.156E+00
 90.1688E+03, 28.0882E+03, 92.8749E-09,-681.839E+00
 90.1641E+03, 28.1975E+03, 92.9193E-09,-681.513E+00
 90.0539E+03, 28.1486E+03, 93.0279E-09,-680.718E+00
 89.9476E+03, 28.1638E+03, 93.1552E-09,-679.788E+00
 89.9719E+03, 28.1270E+03, 93.1141E-09,-680.088E+00
 89.9605E+03, 28.1192E+03, 93.1244E-09,-680.013E+00
 89.9749E+03, 28.1961E+03, 93.1354E-09,-679.932E+00
 89.9740E+03, 28.2179E+03, 93.1443E-09,-679.867E+00
 89.8736E+03, 28.2497E+03, 93.2712E-09,-678.942E+00
 89.8569E+03, 28.2050E+03, 93.2743E-09,-678.919E+00
 89.7809E+03, 28.1232E+03, 93.3323E-09,-678.498E+00
 89.8273E+03, 28.1391E+03, 93.2845E-09,-678.845E+00
 89.8315E+03, 28.1327E+03, 93.2775E-09,-678.896E+00
 89.8129E+03, 28.1623E+03, 93.3096E-09,-678.663E+00
 89.7917E+03, 28.1615E+03, 93.3338E-09,-678.487E+00
 89.7160E+03, 28.0999E+03, 93.3987E-09,-678.015E+00
 89.7226E+03, 28.0734E+03, 93.3816E-09,-678.140E+00
 89.7315E+03, 28.0189E+03, 93.3517E-09,-678.357E+00
 89.7430E+03, 28.0579E+03, 93.3524E-09,-678.351E+00
 89.7174E+03, 28.0495E+03, 93.3789E-09,-678.159E+00
 89.6419E+03, 28.0371E+03, 93.4616E-09,-677.559E+00
 89.6269E+03, 28.0125E+03, 93.4701E-09,-677.498E+00
 89.5802E+03, 27.9414E+03, 93.4984E-09,-677.293E+00
 89.5929E+03, 27.9677E+03, 93.4932E-09,-677.330E+00
 89.6055E+03, 27.9666E+03, 93.4783E-09,-677.438E+00
 89.5359E+03, 27.9908E+03, 93.5675E-09,-676.792E+00
 89.4957E+03, 27.9698E+03, 93.6065E-09,-676.510E+00
 89.4421E+03, 27.9306E+03, 93.6545E-09,-676.164E+00
 89.4396E+03, 27.9236E+03, 93.6548E-09,-676.161E+00
 89.4513E+03, 27.9105E+03, 93.6365E-09,-676.293E+00
 89.4354E+03, 27.9285E+03, 93.6615E-09,-676.113E+00
 89.4235E+03, 27.9400E+03, 93.6795E-09,-675.983E+00
 89.3727E+03, 27.9234E+03, 93.7324E-09,-675.601E+00
 89.3679E+03, 27.9169E+03, 93.7357E-09,-675.578E+00
 89.3570E+03, 27.9001E+03, 93.7422E-09,-675.531E+00
 89.3452E+03, 27.9015E+03, 93.7564E-09,-675.428E+00
 89.3317E+03, 27.9043E+03, 93.7732E-09,-675.307E+00
 89.3149E+03, 27.8982E+03, 93.7906E-09,-675.183E+00
 89.2934E+03, 27.8895E+03, 93.8123E-09,-675.026E+00
 89.2649E+03, 27.8798E+03, 93.8421E-09,-674.812E+00
 89.2477E+03, 27.8802E+03, 93.8622E-09,-674.667E+00
 89.2255E+03, 27.8714E+03, 93.8849E-09,-674.504E+00
 89.2156E+03, 27.8627E+03, 93.8932E-09,-674.444E+00
 89.1973E+03, 27.8530E+03, 93.9111E-09,-674.316E+00
 89.1966E+03, 27.8597E+03, 93.9143E-09,-674.293E+00
 89.1634E+03, 27.8576E+03, 93.9523E-09,-674.020E+00
 89.1396E+03, 27.8578E+03, 93.9802E-09,-673.820E+00
 89.1223E+03, 27.8374E+03, 93.9929E-09,-673.729E+00
 89.1054E+03, 27.8282E+03, 94.0094E-09,-673.611E+00
 89.1126E+03, 27.8273E+03, 94.0007E-09,-673.673E+00
 89.0819E+03, 27.8325E+03, 94.0384E-09,-673.403E+00
 89.0670E+03, 27.8467E+03, 94.0611E-09,-673.241E+00
 89.0299E+03, 27.8244E+03, 94.0963E-09,-672.988E+00
 89.0101E+03, 27.8089E+03, 94.1138E-09,-672.863E+00
 89.0185E+03, 27.8008E+03, 94.1010E-09,-672.955E+00
 89.0065E+03, 27.8134E+03, 94.1197E-09,-672.822E+00
 88.9939E+03, 27.8196E+03, 94.1367E-09,-672.700E+00
 88.9692E+03, 27.8077E+03, 94.1613E-09,-672.524E+00
 88.9453E+03, 27.7970E+03, 94.1855E-09,-672.351E+00
 88.9406E+03, 27.7593E+03, 94.1772E-09,-672.410E+00
 88.9367E+03, 27.7881E+03, 94.1923E-09,-672.303E+00
 88.9278E+03, 27.7952E+03, 94.2053E-09,-672.210E+00
 88.8720E+03, 27.7891E+03, 94.2686E-09,-671.758E+00
 88.8511E+03, 27.7812E+03, 94.2903E-09,-671.604E+00
 88.8198E+03, 27.7401E+03, 94.3121E-09,-671.449E+00
 88.8418E+03, 27.7575E+03, 94.2925E-09,-671.588E+00
 88.8302E+03, 27.7537E+03, 94.3048E-09,-671.500E+00
 88.7956E+03, 27.7810E+03, 94.3556E-09,-671.139E+00
 88.7766E+03, 27.7677E+03, 94.3730E-09,-671.015E+00
 88.7347E+03, 27.7321E+03, 94.4093E-09,-670.758E+00
 88.7515E+03, 27.7382E+03, 94.3918E-09,-670.882E+00
 88.7542E+03, 27.7404E+03, 94.3894E-09,-670.899E+00
 88.7476E+03, 27.7806E+03, 94.4120E-09,-670.739E+00
 88.7123E+03, 27.7573E+03, 94.4451E-09,-670.504E+00
 88.6610E+03, 27.7368E+03, 94.4980E-09,-670.128E+00
 88.6785E+03, 27.7080E+03, 94.4667E-09,-670.350E+00
 88.6653E+03, 27.7115E+03, 94.4836E-09,-670.230E+00
 88.6621E+03, 27.7358E+03, 94.4964E-09,-670.139E+00
 88.6232E+03, 27.7345E+03, 94.5419E-09,-669.817E+00
 88.5910E+03, 27.7204E+03, 94.5748E-09,-669.584E+00
 88.5806E+03, 27.7006E+03, 94.5797E-09,-669.549E+00
 88.5725E+03, 27.6886E+03, 94.5848E-09,-669.513E+00
 88.5972E+03, 27.7129E+03, 94.5647E-09,-669.655E+00
 88.5780E+03, 27.7088E+03, 94.5859E-09,-669.505E+00
 88.5504E+03, 27.7180E+03, 94.6219E-09,-669.250E+00
 88.5256E+03, 27.6857E+03, 94.6393E-09,-669.127E+00
 88.5165E+03, 27.6864E+03, 94.6504E-09,-669.049E+00
 88.5054E+03, 27.6867E+03, 94.6637E-09,-668.955E+00
 88.4851E+03, 27.6856E+03, 94.6873E-09,-668.788E+00
 88.4678E+03, 27.6811E+03, 94.7062E-09,-668.654E+00
 88.4500E+03, 27.6839E+03, 94.7283E-09,-668.498E+00
 88.4336E+03, 27.6753E+03, 94.7446E-09,-668.384E+00
 88.4112E+03, 27.6736E+03, 94.7706E-09,-668.200E+00
 88.3908E+03, 27.6747E+03, 94.7952E-09,-668.027E+00
 88.3694E+03, 27.6531E+03, 94.8127E-09,-667.903E+00
 88.3778E+03, 27.6598E+03, 94.8052E-09,-667.957E+00
 88.3688E+03, 27.6584E+03, 94.8154E-09,-667.885E+00
 88.3491E+03, 27.6743E+03, 94.8448E-09,-667.678E+00
 88.3161E+03, 27.6659E+03, 94.8809E-09,-667.424E+00
 88.2856E+03, 27.6485E+03, 94.9107E-09,-667.214E+00
 88.2875E+03, 27.6396E+03, 94.9051E-09,-667.253E+00
 88.2837E+03, 27.6241E+03, 94.9039E-09,-667.262E+00
 88.2903E+03, 27.6581E+03, 94.9087E-09,-667.228E+00
 88.2517E+03, 27.6500E+03, 94.9517E-09,-666.926E+00
 88.2213E+03, 27.6461E+03, 94.9866E-09,-666.681E+00
 88.2113E+03, 27.6293E+03, 94.9922E-09,-666.641E+00
 88.1873E+03, 27.5990E+03, 95.0095E-09,-666.520E+00
 88.1915E+03, 27.6083E+03, 95.0080E-09,-666.531E+00
 88.1975E+03, 27.6140E+03, 95.0030E-09,-666.566E+00
 88.1593E+03, 27.6260E+03, 95.0531E-09,-666.214E+00
 88.1410E+03, 27.6163E+03, 95.0713E-09,-666.087E+00
 88.0984E+03, 27.5810E+03, 95.1091E-09,-665.822E+00
 88.1312E+03, 27.5902E+03, 95.0733E-09,-666.073E+00
 88.1097E+03, 27.5932E+03, 95.1001E-09,-665.885E+00
 88.0972E+03, 27.6131E+03, 95.1226E-09,-665.728E+00
 88.0830E+03, 27.6118E+03, 95.1391E-09,-665.612E+00
 88.0486E+03, 27.5933E+03, 95.1733E-09,-665.373E+00
 88.0556E+03, 27.5807E+03, 95.1603E-09,-665.464E+00
 88.0455E+03, 27.5475E+03, 95.1599E-09,-665.467E+00
 88.0723E+03, 27.6093E+03, 95.1510E-09,-665.529E+00
 88.0418E+03, 27.5974E+03, 95.1830E-09,-665.305E+00
 87.9861E+03, 27.5991E+03, 95.2505E-09,-664.834E+00
 87.9744E+03, 27.5767E+03, 95.2561E-09,-664.794E+00
 87.9557E+03, 27.5402E+03, 95.2648E-09,-664.734E+00
 87.9685E+03, 27.5494E+03, 95.2529E-09,-664.817E+00
 87.9895E+03, 27.5477E+03, 95.2271E-09,-664.997E+00
 87.9441E+03, 27.5958E+03, 95.2997E-09,-664.490E+00
 87.9255E+03, 27.5677E+03, 95.3114E-09,-664.409E+00
 87.8765E+03, 27.5395E+03, 95.3597E-09,-664.072E+00
 87.8809E+03, 27.5316E+03, 95.3516E-09,-664.129E+00
 87.8584E+03, 27.5199E+03, 95.3742E-09,-663.971E+00
 87.8306E+03, 27.5436E+03, 95.4166E-09,-663.676E+00
 87.8204E+03, 27.5608E+03, 95.4354E-09,-663.545E+00
 87.7638E+03, 27.5355E+03, 95.4941E-09,-663.138E+00
 87.7653E+03, 27.5254E+03, 95.4885E-09,-663.177E+00
 87.7542E+03, 27.5022E+03, 95.4931E-09,-663.145E+00
 87.7733E+03, 27.5270E+03, 95.4794E-09,-663.240E+00
 87.7625E+03, 27.5251E+03, 95.4917E-09,-663.154E+00
 87.7273E+03, 27.5326E+03, 95.5371E-09,-662.839E+00
 87.7138E+03, 27.5378E+03, 95.5554E-09,-662.712E+00
 87.6775E+03, 27.4920E+03, 95.5819E-09,-662.529E+00
 87.6974E+03, 27.5087E+03, 95.5642E-09,-662.651E+00
 87.6992E+03, 27.4909E+03, 95.5552E-09,-662.714E+00
 87.6683E+03, 27.5374E+03, 95.6103E-09,-662.332E+00
