 65.3109E+03, 23.7113E+03, 130.767E-09,-484.265E+00
 65.4118E+03, 23.7463E+03, 130.563E-09,-485.019E+00
 65.3524E+03, 23.8075E+03, 130.751E-09,-484.322E+00
 65.3319E+03, 23.7471E+03, 130.748E-09,-484.334E+00
 65.4523E+03, 23.8052E+03, 130.519E-09,-485.183E+00
 65.7867E+03, 23.9264E+03, 129.856E-09,-487.662E+00
 66.0059E+03, 24.0858E+03, 129.490E-09,-489.039E+00
 66.2753E+03, 24.2565E+03, 129.023E-09,-490.809E+00
 66.3980E+03, 24.2703E+03, 128.759E-09,-491.815E+00
 66.4935E+03, 24.2889E+03, 128.561E-09,-492.573E+00
 66.5456E+03, 24.2381E+03, 128.404E-09,-493.176E+00
 66.6282E+03, 24.3235E+03, 128.289E-09,-493.617E+00
 66.6673E+03, 24.3436E+03, 128.219E-09,-493.888E+00
 66.6526E+03, 24.3383E+03, 128.247E-09,-493.779E+00
 66.7063E+03, 24.2840E+03, 128.084E-09,-494.407E+00
 66.7833E+03, 24.3122E+03, 127.937E-09,-494.978E+00
 66.8724E+03, 24.3677E+03, 127.785E-09,-495.566E+00
 66.9082E+03, 24.3988E+03, 127.731E-09,-495.775E+00
 66.9198E+03, 24.4175E+03, 127.720E-09,-495.816E+00
 66.9208E+03, 24.3559E+03, 127.669E-09,-496.016E+00
 66.9595E+03, 24.3496E+03, 127.579E-09,-496.366E+00
 67.0742E+03, 24.3953E+03, 127.364E-09,-497.204E+00
 67.0679E+03, 24.4292E+03, 127.404E-09,-497.045E+00
 67.0857E+03, 24.4532E+03, 127.385E-09,-497.122E+00
 67.0913E+03, 24.3817E+03, 127.315E-09,-497.393E+00
 67.1119E+03, 24.4061E+03, 127.290E-09,-497.493E+00
 67.1304E+03, 24.3311E+03, 127.190E-09,-497.883E+00
 67.1151E+03, 24.4089E+03, 127.285E-09,-497.512E+00
 67.0930E+03, 24.3639E+03, 127.298E-09,-497.462E+00
 67.0441E+03, 24.3210E+03, 127.370E-09,-497.178E+00
 67.1036E+03, 24.2741E+03, 127.203E-09,-497.831E+00
 67.1332E+03, 24.2940E+03, 127.154E-09,-498.022E+00
 67.1791E+03, 24.3605E+03, 127.107E-09,-498.208E+00
 67.1390E+03, 24.3330E+03, 127.173E-09,-497.951E+00
 67.1613E+03, 24.3227E+03, 127.116E-09,-498.173E+00
 67.1782E+03, 24.2644E+03, 127.033E-09,-498.498E+00
 67.1809E+03, 24.2335E+03, 127.003E-09,-498.616E+00
 67.1509E+03, 24.2358E+03, 127.070E-09,-498.353E+00
 67.1063E+03, 24.2226E+03, 127.157E-09,-498.013E+00
 67.1295E+03, 24.2312E+03, 127.113E-09,-498.184E+00
 67.1264E+03, 24.1614E+03, 127.065E-09,-498.372E+00
 67.1899E+03, 24.2132E+03, 126.968E-09,-498.755E+00
 67.2339E+03, 24.2283E+03, 126.884E-09,-499.084E+00
 67.2042E+03, 24.2600E+03, 126.973E-09,-498.733E+00
 67.2021E+03, 24.2297E+03, 126.954E-09,-498.808E+00
 67.1879E+03, 24.1874E+03, 126.952E-09,-498.817E+00
 67.2758E+03, 24.2148E+03, 126.783E-09,-499.482E+00
 67.3014E+03, 24.2296E+03, 126.739E-09,-499.655E+00
 67.3262E+03, 24.2779E+03, 126.723E-09,-499.719E+00
 67.3327E+03, 24.2596E+03, 126.694E-09,-499.831E+00
 67.3381E+03, 24.2688E+03, 126.690E-09,-499.849E+00
 67.4067E+03, 24.2777E+03, 126.549E-09,-500.406E+00
 67.4298E+03, 24.2861E+03, 126.505E-09,-500.577E+00
 67.4655E+03, 24.3506E+03, 126.479E-09,-500.684E+00
 67.4175E+03, 24.2882E+03, 126.534E-09,-500.466E+00
 67.4168E+03, 24.2709E+03, 126.522E-09,-500.513E+00
 67.4757E+03, 24.2297E+03, 126.363E-09,-501.142E+00
 67.5169E+03, 24.2688E+03, 126.305E-09,-501.373E+00
 67.5742E+03, 24.3128E+03, 126.216E-09,-501.727E+00
 67.5068E+03, 24.3142E+03, 126.362E-09,-501.147E+00
 67.5245E+03, 24.3009E+03, 126.313E-09,-501.339E+00
 67.5391E+03, 24.2550E+03, 126.246E-09,-501.605E+00
 67.6421E+03, 24.3164E+03, 126.073E-09,-502.295E+00
 67.6830E+03, 24.3331E+03, 125.998E-09,-502.592E+00
 67.6582E+03, 24.3687E+03, 126.079E-09,-502.272E+00
 67.6696E+03, 24.3358E+03, 126.029E-09,-502.470E+00
 67.6559E+03, 24.2812E+03, 126.016E-09,-502.521E+00
 67.7255E+03, 24.3032E+03, 125.884E-09,-503.047E+00
 67.7675E+03, 24.3275E+03, 125.813E-09,-503.331E+00
 67.7767E+03, 24.3957E+03, 125.846E-09,-503.200E+00
 67.7558E+03, 24.3327E+03, 125.842E-09,-503.215E+00
 67.7063E+03, 24.3506E+03, 125.962E-09,-502.737E+00
 67.7069E+03, 24.3079E+03, 125.928E-09,-502.874E+00
 67.7187E+03, 24.3494E+03, 125.934E-09,-502.847E+00
 67.7650E+03, 24.4086E+03, 125.881E-09,-503.060E+00
 67.6986E+03, 24.3463E+03, 125.975E-09,-502.686E+00
 67.6932E+03, 24.3149E+03, 125.962E-09,-502.736E+00
 67.7060E+03, 24.2543E+03, 125.889E-09,-503.030E+00
 67.7548E+03, 24.3275E+03, 125.841E-09,-503.222E+00
 67.7604E+03, 24.3458E+03, 125.843E-09,-503.214E+00
 67.7249E+03, 24.3440E+03, 125.917E-09,-502.916E+00
 67.7489E+03, 24.3164E+03, 125.845E-09,-503.206E+00
 67.7615E+03, 24.2794E+03, 125.789E-09,-503.427E+00
 67.8033E+03, 24.3209E+03, 125.732E-09,-503.656E+00
 67.8074E+03, 24.3228E+03, 125.725E-09,-503.685E+00
 67.7636E+03, 24.3578E+03, 125.845E-09,-503.205E+00
 67.7813E+03, 24.3070E+03, 125.768E-09,-503.511E+00
 67.7913E+03, 24.2915E+03, 125.735E-09,-503.643E+00
 67.8574E+03, 24.3063E+03, 125.606E-09,-504.161E+00
 67.8398E+03, 24.3116E+03, 125.648E-09,-503.995E+00
 67.8226E+03, 24.3576E+03, 125.719E-09,-503.708E+00
 67.7785E+03, 24.3034E+03, 125.772E-09,-503.498E+00
 67.7699E+03, 24.2883E+03, 125.778E-09,-503.471E+00
 67.8101E+03, 24.2804E+03, 125.687E-09,-503.837E+00
 67.8437E+03, 24.3023E+03, 125.632E-09,-504.057E+00
 67.8487E+03, 24.3288E+03, 125.642E-09,-504.018E+00
 67.8091E+03, 24.3029E+03, 125.706E-09,-503.760E+00
 67.8217E+03, 24.2923E+03, 125.671E-09,-503.900E+00
 67.8461E+03, 24.2613E+03, 125.596E-09,-504.203E+00
 67.8601E+03, 24.3171E+03, 125.609E-09,-504.151E+00
 67.8845E+03, 24.3460E+03, 125.579E-09,-504.271E+00
 67.8317E+03, 24.3295E+03, 125.678E-09,-503.871E+00
 67.8515E+03, 24.2949E+03, 125.610E-09,-504.146E+00
 67.8640E+03, 24.2538E+03, 125.552E-09,-504.378E+00
 67.9217E+03, 24.3009E+03, 125.466E-09,-504.726E+00
 67.9120E+03, 24.3048E+03, 125.489E-09,-504.631E+00
 67.8890E+03, 24.3302E+03, 125.557E-09,-504.358E+00
 67.8790E+03, 24.2867E+03, 125.545E-09,-504.406E+00
 67.9013E+03, 24.2700E+03, 125.485E-09,-504.647E+00
 67.9326E+03, 24.2926E+03, 125.436E-09,-504.844E+00
 67.9324E+03, 24.2900E+03, 125.435E-09,-504.850E+00
 67.9200E+03, 24.3248E+03, 125.487E-09,-504.639E+00
 67.9401E+03, 24.3232E+03, 125.444E-09,-504.814E+00
 67.9585E+03, 24.3208E+03, 125.403E-09,-504.979E+00
 68.0090E+03, 24.3383E+03, 125.309E-09,-505.356E+00
 67.9974E+03, 24.4053E+03, 125.385E-09,-505.052E+00
 67.9927E+03, 24.4182E+03, 125.404E-09,-504.973E+00
 67.9677E+03, 24.3718E+03, 125.422E-09,-504.902E+00
 67.9653E+03, 24.3732E+03, 125.428E-09,-504.877E+00
 67.9692E+03, 24.3713E+03, 125.418E-09,-504.916E+00
 67.9506E+03, 24.3630E+03, 125.452E-09,-504.783E+00
 67.9583E+03, 24.3618E+03, 125.434E-09,-504.852E+00
 67.9825E+03, 24.3657E+03, 125.386E-09,-505.046E+00
 67.9849E+03, 24.3579E+03, 125.375E-09,-505.091E+00
 67.9883E+03, 24.3747E+03, 125.380E-09,-505.069E+00
 68.0044E+03, 24.3861E+03, 125.355E-09,-505.171E+00
 68.0131E+03, 24.3972E+03, 125.345E-09,-505.211E+00
 68.0284E+03, 24.3924E+03, 125.309E-09,-505.356E+00
 68.0345E+03, 24.3979E+03, 125.300E-09,-505.391E+00
 68.0546E+03, 24.4231E+03, 125.277E-09,-505.485E+00
 68.0527E+03, 24.4235E+03, 125.281E-09,-505.468E+00
 68.0277E+03, 24.4249E+03, 125.335E-09,-505.251E+00
 68.0272E+03, 24.4105E+03, 125.325E-09,-505.291E+00
 68.0242E+03, 24.3974E+03, 125.322E-09,-505.305E+00
 68.0725E+03, 24.4203E+03, 125.237E-09,-505.647E+00
 68.0859E+03, 24.4201E+03, 125.209E-09,-505.762E+00
 68.0843E+03, 24.4414E+03, 125.228E-09,-505.683E+00
 68.0694E+03, 24.4271E+03, 125.249E-09,-505.600E+00
 68.0550E+03, 24.4089E+03, 125.265E-09,-505.533E+00
 68.0778E+03, 24.4019E+03, 125.212E-09,-505.748E+00
 68.0958E+03, 24.3906E+03, 125.165E-09,-505.936E+00
 68.1098E+03, 24.4361E+03, 125.170E-09,-505.917E+00
 68.0977E+03, 24.4312E+03, 125.192E-09,-505.828E+00
 68.0712E+03, 24.4307E+03, 125.248E-09,-505.604E+00
 68.0772E+03, 24.4026E+03, 125.214E-09,-505.740E+00
 68.0789E+03, 24.3943E+03, 125.204E-09,-505.781E+00
 68.0945E+03, 24.4172E+03, 125.188E-09,-505.844E+00
 68.1125E+03, 24.4430E+03, 125.170E-09,-505.919E+00
 68.0878E+03, 24.4725E+03, 125.244E-09,-505.618E+00
 68.0775E+03, 24.4350E+03, 125.238E-09,-505.644E+00
 68.0438E+03, 24.3961E+03, 125.279E-09,-505.476E+00
 68.0681E+03, 24.4012E+03, 125.232E-09,-505.668E+00
 68.0918E+03, 24.4057E+03, 125.185E-09,-505.856E+00
 68.1084E+03, 24.4388E+03, 125.175E-09,-505.896E+00
 68.1173E+03, 24.4526E+03, 125.167E-09,-505.929E+00
 68.0757E+03, 24.4205E+03, 125.231E-09,-505.673E+00
 68.1150E+03, 24.4167E+03, 125.145E-09,-506.020E+00
 68.1193E+03, 24.3664E+03, 125.098E-09,-506.210E+00
 68.1582E+03, 24.4159E+03, 125.053E-09,-506.391E+00
 68.1664E+03, 24.4238E+03, 125.042E-09,-506.437E+00
 68.1304E+03, 24.4228E+03, 125.117E-09,-506.133E+00
 68.1239E+03, 24.4298E+03, 125.136E-09,-506.055E+00
 68.0998E+03, 24.3479E+03, 125.125E-09,-506.100E+00
 68.1177E+03, 24.3652E+03, 125.100E-09,-506.200E+00
 68.1484E+03, 24.3658E+03, 125.036E-09,-506.460E+00
 68.1287E+03, 24.3937E+03, 125.098E-09,-506.207E+00
 68.1205E+03, 24.4013E+03, 125.122E-09,-506.114E+00
 68.0688E+03, 24.3546E+03, 125.195E-09,-505.816E+00
 68.0443E+03, 24.3366E+03, 125.233E-09,-505.662E+00
 68.0680E+03, 24.3045E+03, 125.159E-09,-505.961E+00
 68.0588E+03, 24.3258E+03, 125.195E-09,-505.819E+00
 68.0701E+03, 24.3507E+03, 125.190E-09,-505.839E+00
 68.0166E+03, 24.3385E+03, 125.293E-09,-505.420E+00
 67.9989E+03, 24.3406E+03, 125.332E-09,-505.263E+00
 68.0239E+03, 24.3159E+03, 125.261E-09,-505.551E+00
 68.0200E+03, 24.3104E+03, 125.265E-09,-505.535E+00
 68.0693E+03, 24.3323E+03, 125.177E-09,-505.888E+00
 68.0445E+03, 24.3399E+03, 125.235E-09,-505.654E+00
 68.0276E+03, 24.3628E+03, 125.288E-09,-505.439E+00
 67.9994E+03, 24.3207E+03, 125.316E-09,-505.327E+00
 67.9773E+03, 24.3140E+03, 125.358E-09,-505.160E+00
 67.9862E+03, 24.3135E+03, 125.339E-09,-505.237E+00
 67.9795E+03, 24.3172E+03, 125.356E-09,-505.168E+00
 67.9602E+03, 24.3452E+03, 125.418E-09,-504.918E+00
 67.9402E+03, 24.3426E+03, 125.458E-09,-504.757E+00
 67.9091E+03, 24.3532E+03, 125.532E-09,-504.459E+00
 67.9085E+03, 24.3395E+03, 125.523E-09,-504.496E+00
 67.9032E+03, 24.3647E+03, 125.553E-09,-504.374E+00
 67.8924E+03, 24.3698E+03, 125.580E-09,-504.266E+00
 67.8475E+03, 24.4133E+03, 125.709E-09,-503.749E+00
 67.7919E+03, 24.4151E+03, 125.829E-09,-503.270E+00
 67.7478E+03, 24.4092E+03, 125.918E-09,-502.912E+00
 67.7164E+03, 24.4227E+03, 125.996E-09,-502.602E+00
 67.6800E+03, 24.4508E+03, 126.095E-09,-502.205E+00
 67.6526E+03, 24.4910E+03, 126.185E-09,-501.848E+00
 67.6418E+03, 24.5328E+03, 126.241E-09,-501.626E+00
 67.6269E+03, 24.5409E+03, 126.279E-09,-501.473E+00
 67.6259E+03, 24.5731E+03, 126.307E-09,-501.365E+00
 67.6271E+03, 24.5956E+03, 126.322E-09,-501.305E+00
 67.6116E+03, 24.6187E+03, 126.373E-09,-501.101E+00
